    2363,   3895,     15,    105,   8673,   5336,   8406,   1295, 
      37,    776,   1341,   8696,  11362,     84,      6,      1, 
       0,      0,      0,      0,      0,      0,      0,      3, 
      19,    441,    392,   9040,  13938,     65,      5,      0, 
       0,      0,      0,      0,      0,      0,      0,      0, 
       0,      0,      0,      0,      0,      0,      0,      0, 
       0,      1,      9,     70,   2966,   5869,   4411,   4967, 
      83,      8,      1,      0,      0,      0,      0,      0, 
       0,      0,      0,      0,      0,      0,      0,      0, 
       0,      0,      0,      0,      2,      8,     91,  10331, 
    6576,   3016,   1000,     32,      4,      1,      0,      0, 
       0,      0,      0,      0,      0,      0,      0,      0, 
       0,      0,      0,      0,      0,      0,      0,      0, 
       0,      0,      0,      0,      0,      0,      0,      0, 
       0,      0,      0,      0,      0,      0,      0,      0, 
       0,      0,      0,      0,      0,      0,      0,      0